    1   0.6767  03 47 21.03600  +24 06 58.5756  034721.0+240658   056.837650  +24.116271      18.13     -42.86   6.228   19   6.248   29   6.257   21
    2   1.3525  03 47 29.09160  +24 06 18.4572  034729.0+240618   056.871215  +24.105127      23.96     -45.44   2.735  240   2.735  214   2.636  234
    3   1.7151  03 47 19.34712  +24 08 20.8212  034719.3+240820   056.830613  +24.139117      19.40     -42.43   7.767   29   7.627   38   7.639   20
    4   1.8352  03 47 16.56696  +24 07 42.0708  034716.5+240742   056.819029  +24.128353      21.10     -41.78   7.770   23   7.542   57   7.486   20
    5   2.1574  03 47 14.55216  +24 07 05.0196  034714.5+240705   056.810634  +24.118061     -19.50      -5.04  12.197   26  11.904   33  11.883   25
    6   2.2931  03 47 20.83008  +24 04 49.4400  034720.8+240449   056.836792  +24.080400      -6.35     -13.80  10.997   29  10.498   30  10.384   20
    7   3.8833  03 47 25.52472  +24 03 07.9416  034725.5+240307   056.856353  +24.052206       1.61     -10.27  14.226   31  13.878   42  13.821   60
    8   3.9119  03 47 39.31584  +24 08 45.5172  034739.3+240845   056.913816  +24.145977      -2.62      -5.24  13.053   23  12.610   24  12.534   22
    9   4.0363  03 47 40.76736  +24 08 17.2140  034740.7+240817   056.919864  +24.138115      -2.80     -15.32  10.123   21   9.767   17   9.637   15
   10   4.2134  03 47 40.35600  +24 08 57.3828  034740.3+240857   056.918150  +24.149273       5.23       0.09   9.604   21   9.069   17   8.942   15
   11   4.5132  03 47 34.69368  +24 10 47.8236  034734.6+241047   056.894557  +24.179951     -20.79      -5.03  13.379   26  12.960   27  12.843   29
   12   4.9062  03 47 43.89864  +24 08 51.6048  034743.8+240851   056.932911  +24.147668      -8.79       4.81  12.737   23  12.190   21  12.054   20
   13   4.9929  03 47 18.14376  +24 02 11.3604  034718.1+240211   056.825599  +24.036489      23.31     -47.34  11.074   31  10.380   36  10.265   27
   14   5.0044  03 47 15.27840  +24 11 35.5164  034715.2+241135   056.813660  +24.193199      23.47     -12.86  10.911   26  10.584   30  10.568   22
   15   5.2929  03 47 02.52072  +24 09 00.0072  034702.5+240900   056.760503  +24.150002      -3.70      -8.96  13.403   29  13.143   34  13.101   27
   16   5.2990  03 47 10.75560  +24 02 38.8716  034710.7+240238   056.794815  +24.044131      -9.44       1.10  12.899   29  12.639   36  12.535   24
   17   5.3257  03 47 03.58368  +24 09 34.9416  034703.5+240934   056.764932  +24.159706      23.25     -49.20  11.598   26  10.941   30  10.732   20
   18   5.7948  03 47 05.92872  +24 02 55.7772  034705.9+240255   056.774703  +24.048827      -2.27       0.44  13.477   27  12.803   30  12.673   19
   19   5.9085  03 47 21.90072  +24 01 06.6576  034721.9+240106   056.841253  +24.018516      -6.29      -3.27  11.918   20  11.333   19  11.189   20
   20   5.9510  03 46 58.93944  +24 05 21.2460  034658.9+240521   056.745581  +24.089235       3.17      -8.24  10.685   26  10.351   30  10.308   19
   21   6.0806  03 47 11.13696  +24 12 19.5516  034711.1+241219   056.796404  +24.205431      -5.90       2.05  12.362   27  11.977   30  11.951   19
   22   6.1035  03 47 41.90472  +24 02 27.9996  034741.9+240228   056.924603  +24.041111      -4.15       1.35  13.521   24  13.135   29  13.026   30
   23   6.4823  03 47 35.55000  +24 12 55.3680  034735.5+241255   056.898125  +24.215380      -2.67       0.40  10.144   21   9.563   15   9.427   15
   24   6.5091  03 46 56.80752  +24 08 58.1712  034656.8+240858   056.736698  +24.149492      -3.20       9.23  11.837   29  11.187   32  11.060   20
   25   6.7017  03 47 27.20472  +24 13 39.7020  034727.2+241339   056.863353  +24.227695      -8.76     -10.58  12.739   23  12.165   22  12.069   22
   26   6.7554  03 46 54.42144  +24 06 42.7680  034654.4+240642   056.726756  +24.111880      31.37     -39.24  12.054   26  11.452   33  11.296   20
   27   6.8109  03 47 50.56200  +24 10 06.5676  034750.5+241006   056.960675  +24.168491       6.91      -0.02  12.476   23  11.949   22  11.814   22
   28   6.9614  03 47 19.59024  +24 00 06.7068  034719.5+240006   056.831626  +24.001863       4.60      -8.41  11.032   26  10.427   30  10.393   25
   29   7.0485  03 47 02.18856  +24 11 59.5680  034702.1+241159   056.759119  +24.199880      -7.89      -3.40  13.782   29  13.518   30  13.415   37
   30   7.7048  03 47 39.87648  +24 00 12.0528  034739.8+240012   056.916152  +24.003348       3.28       3.94   8.282   27   7.665   21   7.474   26
   31   7.7203  03 46 53.05968  +24 10 07.6512  034653.0+241007   056.721082  +24.168792       2.58     -15.36  13.799   29  13.416   37  13.306   34
   32   7.8318  03 47 45.04464  +24 13 11.3088  034745.0+241311   056.937686  +24.219808       6.93     -24.76  12.668   23  12.313   21  12.202   20
   33   7.9813  03 46 52.33584  +24 10 23.6640  034652.3+241023   056.718066  +24.173240      10.25      -3.69  12.292   29  11.916   30  11.819   27
   34   8.1257  03 47 59.31120  +24 05 57.0948  034759.3+240557   056.997130  +24.099193      -8.67     -16.66   8.817   20   8.514   15   8.436   18
   35   8.5736  03 47 04.21056  +23 59 42.7956  034704.2+235942   056.767544  +23.995221      21.51     -43.81   7.770   18   7.658   51   7.642   23
   36   8.7799  03 48 01.72392  +24 05 16.4904  034801.7+240516   057.007183  +24.087914       4.47      -5.99   9.077   20   8.305   26   8.119   17
   37   9.0059  03 47 10.35888  +24 15 27.0936  034710.3+241527   056.793162  +24.257526      -1.36     -19.68  12.064   24  11.351   30  11.239   22
   38   9.0467  03 47 34.82784  +24 15 42.1884  034734.8+241542   056.895116  +24.261719       3.79     -14.59  12.752   23  12.266   19  12.173   22
   39   9.0834  03 47 56.18496  +24 12 20.9412  034756.1+241220   056.984104  +24.205817       3.55     -31.65  12.273   21  11.845   23  11.769   21
   40   9.2054  03 47 32.53320  +23 58 00.1848  034732.5+235800   056.885555  +23.966718      -7.18       3.98  12.436   21  12.213   21  12.070   24
   41   9.5258  03 48 02.61984  +24 10 37.3476  034802.6+241037   057.010916  +24.177041      -4.18      -8.94  13.073   22  12.676   26  12.601   27
   42   9.5524  03 47 41.44008  +23 58 19.0200  034741.4+235819   056.922667  +23.971950      18.19     -41.53  11.066   20  10.461   17  10.312   20
   43   9.6479  03 47 00.28632  +23 59 00.8520  034700.2+235900   056.751193  +23.983570      -8.99      -1.53   9.716   27   9.154   30   9.058   22
   44   9.6597  03 48 04.16784  +24 03 57.3192  034804.1+240357   057.017366  +24.065922      19.38     -37.62  13.006   20  12.375   22  12.195   21
   45   9.7268  03 48 04.95480  +24 04 18.4476  034804.9+240418   057.020645  +24.071791     -12.61      -6.13   9.692   20   9.060   21   8.895   17
   46   9.7707  03 47 53.50656  +23 59 55.3344  034753.5+235955   056.972944  +23.998704      -1.53     -43.64  12.476   23  12.081   22  12.051   23
   47   9.8033  03 47 30.29952  +23 57 18.1692  034730.3+235718   056.876248  +23.955047      87.97      11.90  11.083   20  10.518   15  10.400   19
   48   9.8681  03 47 48.58200  +24 15 07.2576  034748.5+241507   056.952425  +24.252016       8.94     -11.91  12.427   22  11.986   21  11.897   20
   49   9.9567  03 47 38.67960  +23 57 37.4616  034738.6+235737   056.911165  +23.960406     -11.72     -18.92  13.758   26  13.436   30  13.244   37
   50   9.9679  03 48 07.17552  +24 08 31.4160  034807.1+240831   057.029898  +24.142060      18.47     -43.16   8.220   19   7.987   15   7.939   17
   51   9.9730  03 48 00.16128  +24 12 36.3564  034800.1+241236   057.000672  +24.210099       4.33     -21.52  13.045   22  12.372   25  12.207   23
   52   9.9832  03 47 18.84048  +23 57 05.1948  034718.8+235705   056.828502  +23.951443      -3.34      -8.77  12.575   23  12.247   26  12.101   21
   53  10.1121  03 47 10.05288  +24 16 35.9364  034710.0+241635   056.791887  +24.276649      19.51     -45.61   8.533   26   8.329   36   8.282   24
   54  10.1945  03 47 01.17408  +23 58 14.2932  034701.1+235814   056.754892  +23.970637       1.26      -9.16  14.059   29  13.749   38  13.719   47
   55  10.3409  03 46 52.26792  +23 59 37.2264  034652.2+235937   056.717783  +23.993674      -6.37       1.26  13.129   31  12.863   36  12.823   24
   56  10.5044  03 46 40.33560  +24 03 40.7088  034640.3+240340   056.668065  +24.061308      -0.66      -6.57  13.290   24  12.942   24  12.767   29
   57  10.7267  03 46 43.02624  +24 01 44.8248  034643.0+240144   056.679276  +24.029118       2.88       9.43  13.341   24  12.920   25  12.783   31
   58  10.7501  03 46 44.03976  +24 01 18.6636  034644.0+240118   056.683499  +24.021851       4.38      -3.74  13.410   24  13.046   27  12.982   31
   59  10.8393  03 47 43.10328  +24 16 55.5276  034743.1+241655   056.929597  +24.282091      -0.16       0.56  10.407   21  10.092   15  10.003   15
   60  10.8499  03 47 57.96192  +23 59 24.5976  034757.9+235924   056.991508  +23.990166      -5.02     -12.33  12.050   22  11.723   23  11.603   20
   61  10.9068  03 47 59.33568  +23 59 39.5520  034759.3+235939   056.997232  +23.994320      -6.50       2.51  13.382   25  13.042   25  12.950   28
   62  11.4572  03 47 58.70712  +23 58 43.4712  034758.7+235843   056.994613  +23.978742      -4.03      -5.39  13.127   23  12.742   25  12.633   25
   63  11.6476  03 48 02.57784  +23 59 22.6428  034802.5+235922   057.010741  +23.989623       2.75      -6.91  12.916   23  12.554   23  12.435   26
   64  12.1313  03 48 04.65648  +23 59 11.3136  034804.6+235911   057.019402  +23.986476      82.33      18.31  13.591   39  13.243   49  13.186   47
   65  12.4940  03 46 43.48368  +24 15 24.5880  034643.4+241524   056.681182  +24.256830     -43.35     -53.15  11.599   46  11.157   59  11.084   52
   66  13.5430  03 46 42.81360  +24 16 45.4368  034642.8+241645   056.678390  +24.279288       6.90      -7.23  13.244   25  12.859   25  12.840   30
   67  13.7434  03 46 42.09072  +23 57 08.1072  034642.0+235708   056.675378  +23.952252       1.71      -8.85  11.892   20  11.212   18  11.085   18


    
